f->p1:oO
f->p2:xX
01234567890123456
.................
.................
.................
.................
.................
.................
.................
.................
..O..............
.................
.................
.................
..............X..
.................
tmp->piecex :1
tmp->piecey :2
piece[0]*
piece[1]*
play
set_heatmap
init_heatmap
777 777 777 777 777 777 777 777 777 777 777 777 777 777 777 777 777 
777 25 24 23 22 21 20 19 18 17 16 15 14 13 12 13 14 
777 24 23 22 21 20 19 18 17 16 15 14 13 12 11 12 13 
777 23 22 21 20 19 18 17 16 15 14 13 12 11 10 11 12 
777 22 21 20 19 18 17 16 15 14 13 12 11 10 9 10 11 
777 21 20 19 18 17 16 15 14 13 12 11 10 9 8 9 10 
777 20 19 18 17 16 15 14 13 12 11 10 9 8 7 8 9 
777 19 18 17 16 15 14 13 12 11 10 9 8 7 6 7 8 
777 18 17 16 15 14 13 12 11 10 9 8 7 6 5 6 7 
777 17 777 15 14 13 12 11 10 9 8 7 6 5 4 5 6 
777 16 15 14 13 12 11 10 9 8 7 6 5 4 3 4 5 
777 15 14 13 12 11 10 9 8 7 6 5 4 3 2 3 4 
777 14 13 12 11 10 9 8 7 6 5 4 3 2 1 2 3 
777 13 12 11 10 9 8 7 6 5 4 3 2 1 0 1 2 
777 14 13 12 11 10 9 8 7 6 5 4 3 2 1 2 3 
